1.894139203903162
-0.002552235977823
1.300355363338945
1.032296922207719
-4.494841343855359
0.153227049708315
-1.309741653463091
-0.659800129754087
2.534551231780038
-1.563952054994431
1.328969832836259
1.104489635369181
4.850703692572358
4.948265707413464
3.795389063505774
2.178773050534150
3.969707746409965
1.988985703370213
4.068663138013964
2.031896892314499
3.710445033850749
0.493214656968279
1.140159118734441
1.113692734058268
8.126209508668875
5.471861765285459
9.520440863983001
4.113983095970269
3.060105928689400
4.542148905765637
6.355478742654900
8.290426822542296
9.899224544893599
9.524152046277347
4.347234319116138
3.744692912491622
6.669357940428262
5.205100580196131
4.912101157752572
11.079887193577422
7.003809467149024
10.128557430554871
10.444403464815309
8.907279955729894
10.276588420172306
8.842142755925758
9.166298882365309
12.313302519125221
8.142612919882412
8.205273245604856
10.528952173771664
13.837779152587974
12.683850373078300
10.180908414193564
11.383725353240893
12.761753712125582
10.881389244761987
10.787209850867066
13.151011431148516
10.903977098743788
9.846803817006627
9.206921731410477
20.216265216782816
10.776485412826149
15.372316759104761
13.571947965144453
15.516522737656397
10.940735535281418
11.414155282238964
14.379278177827176
18.731772665577893
7.315144210950987
11.885409318552217
16.457503447970545
9.985910606733977
12.481843093711490
14.658545444295100
11.261289403563524
16.182696071323065
14.891349340305709
12.608948507987630
16.108166782426654
9.330471373507063
15.641908717298731
12.849314852453194
19.873125942512651
12.466892103254683
17.055842829199889
14.038751190054180
11.779941429843918
13.141940654877573
14.008056556446524
10.040261451924104
11.177171938114551
12.175569248200999
15.617584766911209
15.992198602253191
14.712006998523314
12.431748509694451
16.427784391110322
13.260579292847785
8.345000765353129
15.793783305158298
16.962082998313107
14.193824267844645
17.809696566913615
11.803618295543819
13.246294848593203
15.264586763791044
11.568286412457180
14.028776465066429
12.452901093666878
9.741322456706417
16.315793292261475
16.149687964825663
14.570332258535631
11.242446664017930
15.112977773603923
15.455939515800548
8.649917092046989
15.065769279909560
12.349970182340858
12.923774581514216
17.375234372483085
8.980880228285042
7.973676794064998
15.470258498563284
14.109155047180357
16.093288577164259
11.814258978737783
12.475154455149781
15.866753258108721
12.995483193240897
6.702476678092979
9.762689614193123
10.920079669502350
14.263184859203978
8.953168425078308
14.350933969434472
11.888435649343208
9.404603281552156
7.201655702938329
5.349015184883593
8.999482757325884
5.752097835586420
11.281020154414470
6.140119711190652
8.149088123678707
5.872476347968762
7.201154688844324
1.297996236444616
10.249422627700262
1.194291181063869
7.172872830663181
5.234489634852030
3.295979288884145
4.314293228324433
7.495583705999509
6.046454599298089
8.900024159496763
1.130315427286792
0.819744889537866
3.665724160304419
-2.684541238543167
5.383934931894206
5.549829709348093
4.012421217713381
-0.009818358834888
-0.099098893227068
1.164297984090073
-2.111139374825760
1.907119019529613
4.660158462702508
0.334782873869395
-0.703330144808454
-1.426668815060744
-8.142488266508982
-4.257721366100658
-4.074151788606704
-4.472157308753660
-12.095478722245868
0.278258008445203
-7.495394192053562
-4.098091745536683
-8.841502448722915
-7.866559578323950
-5.491470086381997
-7.711725014900431
-5.869003901566654
-7.978703790153438
-9.290342819536933
-9.354448250137592
-9.145306133172669
-7.433320858928509
-12.563364078938619
-7.758984315502311
-10.595635679803722
-7.214312193537389
-11.784756162291316
-10.833725265036218
-10.592266953491480
-13.758768303680085
-11.170398292883789
-12.185584390824840
-11.201930226993969
-9.479721432967629
-10.708865358110112
-14.260536845648412
-13.932342050404815
-8.564112250703777
-16.990954643349934
-16.568328358500381
-12.240154256368006
-17.215588618521252
-15.039314255273263
-12.225570869216412
-11.287539970313404
-13.612732330054733
-12.681544378340487
-14.094163643280924
-15.809287720562928
-14.898085738688692
-17.896733771454727
-15.054087396463729
-16.162714606947461
-13.340377407225599
-15.974583214753940
-14.781421027099412
-17.195534222704318
-15.313131043874479
-16.475348016085306
-16.078197799097438
-12.733496565067441
-16.783593786247287
-14.642374162766853
-14.972654698966938
-15.949666649096621
-17.280295676155909
-12.617299571773152
-15.851158414159061
-12.698463603782246
-14.950692692203381
-10.345607159406278
-14.902452726047191
-10.995276198865783
-17.561427135336878
-17.260712295639674
-10.251615398007491
-14.039182041584931
-12.917204275976850
-9.314911391348550
-10.351918969980138
-13.561821673428895
-16.217685135787089
-16.593431823938786
-9.063624285257779
-13.257393119025192
-4.139747924369574
-10.745434733033962
-11.285680429235228
-11.434540396854995
-9.949475838528565
-4.992782562534300
-6.922101352260608
-13.642094850974409
-5.276810251676229
-5.575352276698473
-8.184707624344625
-7.016024333771567
-8.777072469705116
-5.714683285071936
-7.662572778656735
-5.855677995312912
-5.454039701885267
-9.707800019964260
-4.298975005900173
-1.233164947245189
-1.094198823977738
-5.719620749289724
-8.192915716623197
-5.206088274017279
-4.070669071892095
-1.976178332865844
-1.544383977887520
-5.261705235185895
-2.550435747706890
-1.752472482396674
-0.857802349124531
0.027389326430535
1.821483321354360
-0.243740823353504
-1.201277547241741
4.625230622745347
-1.166138986371420
0.543683242372908
2.341762533803696
3.719853760471562
-0.301494071028788
-2.660701810072067
4.657861345684793
3.164487164307241
0.353435715651090
1.587821360232978
1.328325596831595
2.765005021022398
6.907996538888137
3.080085842200522
8.798987325387122
1.772674004241511
7.826125880182832
1.557132185029116
6.507745953012011
4.424971596317849
0.876282044214729
5.440770107570103
3.380610459141718
2.681839489981910
6.319802092533601
3.038645254085685
3.530792956947524
6.420924693245208
5.257128724299744
6.270321792628906
7.449547227744324
4.765081412908078
6.692721732146908
7.218378260588219
5.368445736297409
2.299584896333191
9.211651652930618
8.138943953467074
2.786223141898954
2.735944885040386
3.327614290380287
9.031360979642354
8.621045279915466
0.942146415730974
1.482363385873095
5.446188876149867
3.745479626757949
6.757867285024393
5.292189572825430
7.163777172556212
3.760461959402283
3.544145473925663
2.192068576094322
0.111085900112069
6.850590910486384
4.420471778301422
2.594101958684846
4.224722713210526
2.901277004906171
5.330786895615524
7.017232105394479
5.843403756482056
4.192144406587346
5.995036132776475
-2.069417206663950
2.699862556960555
1.695623253541671
4.759467099240979
6.294333192331089
2.785225349301705
4.405979528671946
2.118517305914556
0.154622012881853
-1.788304759969014
1.045949023337928
2.160403500576957
-0.406703282193424
0.499051708904121
0.523816441607346
-0.450982490764029
1.038872845519186
5.760250130845840
-4.066464681694274
1.103769498788800
-0.357327126137012
-1.148224257027612
-2.234508148924436
0.133920400393172
-0.072520760001586
2.921111807014102
-3.626524688725473
-0.114825957287951
-3.516242413927685
-1.866445683733115
-3.634862761779952
-4.168998492583549
-1.670114244588154
-5.516596285165743
-0.644704038225552
-3.999494272164319
-0.056214181065751
-2.081716511894256
-6.965467961305428
0.279632614075590
-9.105455502887921
-4.569239416921464
0.618448498412111
-5.117247043023907
-5.979212926987255
-3.555125219993565
-5.235620424215427
-5.208136930454378
-5.531087169500523
-0.786076668340607
-2.393941667300187
-2.757261567115909
-0.686126917071491
-2.190262733028617
-6.803838533902891
-0.707403368185718
-5.469926267756180
-3.533071130933578
-5.944542017115486
-4.017590209937858
-8.077395044352082
-3.946091069943713
-6.215451784434388
-9.234480629355108
-1.536269522030713
-4.906632313321754
-5.908899635580077
-2.925260199720883
-2.002643509738828
-5.979808383334023
0.050898804590052
-3.040404087613312
-4.118395189058603
-2.565258712662270
-2.822414114953626
-6.380843055382016
-3.983786219004581
0.561463121471066
-1.695168812362382
-1.623266558958755
-3.556744082325086
-3.578749470497453
-0.288610568993170
-4.408381213624494
1.032538924857156
-2.881573383790514
-3.048885764584846
-3.355035410763213
0.429296135881043
2.881719177977848
-2.880885435179513
2.758971933121401
-3.018399695650271
-4.104832433486878
-5.978343570904224
3.794784184455186
0.158608481406635
-2.819983051068221
-4.600450660128365
-1.019399010210914
1.298424375261680
-7.570060709840305
-2.084048668724249
4.284733807263422
1.099280069771544
-0.073118740458294
-1.287726976880918
1.362395863723748
-1.856947136974826
2.170084932076844
-0.004279684100182
1.179372456799285
-2.995930321357992
0.014018329755737
5.498056461689607
-0.148207941246081
-1.717831976606785
-1.276703036816837
0.290288050151773
1.122050945368066
2.769023251107246
3.977961771246180
-3.786043052685950
1.351746716425884
-0.638373514663903
-2.168649360171431
-1.546340704127193
-1.643701385015430
-0.991575777548259
0.586911852817331
6.817429684961543
1.386542592588386
-4.368462358608310
-0.360261960850016
1.428783657872240
-0.958218964957696
-1.468407807450163
-1.376183960403456
4.298731707513293
3.342222872007425
1.288274052562768
3.480143404776504
4.813024519317274
1.911162578989146
-0.142745845283955
0.044063258975400
2.132296432073208
5.376600822159002
4.172195439351869
0.434145576111023
4.628324701250792
5.486301953086219
2.207144948225766
3.596467078046001
2.626846741634743
1.491873132344159
1.770607415467832
5.855163426915619
1.962313128210861
2.198990803972328
1.563032553751324
5.252935658170287
9.822477212521200
5.877159834006831
3.017698105844682
4.684084016833324
3.403921617091458
2.453924983991702
6.471671616076280
2.464338813816998
2.353780118071621
7.005031352896787
5.230992329010308
9.120626333337654
4.833926128019391
9.286290038944630
6.446913637321631
2.095794677716272
5.886641019602218
6.864593515661618
2.150973026055300
8.302474341007924
3.785893170652234
6.314166846222256
9.705265485182244
10.168772236352964
8.421047735131507
8.422983392633217
7.677762432690772
11.336089257817296
8.686724978101925
9.310598675158538
4.337214380862775
5.941954683238820
8.901825934693138
7.767343427345115
6.983073208274682
7.385655926473234
7.710486798259609
10.110294402645774
8.627655052483973
7.950793593535440
14.674773190145071
12.137739493519405
9.886918508855459
12.978748060640724
11.897889043553494
11.441696262534377
6.922804529608745
12.013094597590646
14.971094817084309
18.234826482780942
10.060005344207454
9.517062443155003
11.998095212463266
10.419168244837097
12.407288768418709
12.148970837602551
12.200959015654604
13.445104220889744
8.931296255316333
9.756489382905409
14.419097897047033
10.220766902948142
13.205395505572090
11.653035396468823
15.680403815439917
14.724084355007665
10.109616310354188
9.800390666828195
12.668729880318711
14.580419156819236
14.275634161657369
11.868033098047375
12.745605548750175
11.038836913056855
10.675731387894254
10.468709726749546
11.027496056957995
10.978460539952533
13.941415269672955
13.289195828400107
11.891665745153039
13.638769962969901
11.137812355884304
16.717090486909861
11.645252155391436
13.485484156893559
10.910164697838002
7.496911738368780
13.558200435284755
10.279141616312538
11.244240690178060
9.192938286524189
6.030955596409773
10.480537211768386
9.806180855161024
8.433790143478630
5.792807015247052
13.500505722070264
11.678063590234164
5.459810069617181
3.895082801689279
6.211889375519190
5.808993942295460
3.044356765727056
5.613996833184845
5.017411635687927
4.312561026626613
4.857519181569831
3.947647819834128
2.515541512242384
4.449167594244575
5.720890097327349
6.288529200261866
2.646397300544173
0.390706279419965
2.626142649203307
2.660442811795637
2.010719202165574
2.259911085728068
-1.089038399261888
-0.954237573654835
0.762137607352194
-0.883398775534383
-5.801541281126014
-0.064028943588864
-5.127574358650298
-5.316380352935372
-3.426379291304881
-5.928448952165610
-0.480080317697424
-4.508798611500032
-4.873748543525689
-10.521647822576048
-7.330413751490459
-6.942467522876321
-9.662638044253514
-8.257245102660232
-8.752492111228490
-5.130897445402239
-10.002649036293242
-11.242704143885771
-7.274484394292230
-5.892933784510747
-11.348122536196321
-12.525636431181741
-4.706019011190868
-13.260062052134975
-10.342839647529436
-12.356673489032083
-7.991525941836026
-10.875530120376268
-11.373916042893599
-7.615394910204884
-14.657409108733697
-13.353558259689283
-13.647012330011210
-18.153906144056680
-18.033489420328188
-16.746183302343599
-15.108413681963798
-14.783256748923076
-20.128235725031580
-15.071590982438787
-16.852249963467237
-17.963848240181040
-17.309850323322781
-19.464126676894836
-16.825796592073189
-19.052122485651928
-17.917780209726768
-24.238276978710342
-15.465573689273779
-18.920782165774117
-20.420417893947764
-22.115736391443761
-19.424047058967890
-18.993561946759787
-17.672400025204951
-19.797400845866918
-16.977446309400669
-18.070971391856357
-16.388079243641741
-17.853593808630340
-20.868812121733168
-22.039183958537564
-19.140706432004617
-17.850587961099436
-16.995514803322457
-20.997040962533934
-16.965891242275486
-18.857172990551494
-15.726019259932773
-17.238747927797746
-21.771148051813114
-17.119742510614422
-21.854232898885375
-15.946496623636207
-16.619390876884239
-22.035109543273904
-16.801435645870502
-17.028088532617346
-17.347136137813937
-15.197799397953133
-15.704374057999201
-14.847370364411002
-11.171794181958813
-15.558264174813841
-14.006065362614631
-13.114366808923325
-12.757272144505288
-15.002785376798743
-15.637306375105773
-13.609234825876527
-7.226210524977828
-15.824240461711229
-17.732612379784186
-13.914052746286806
-9.059250068161598
-8.595039418377899
-10.753829047153204
-8.585974036310951
-10.372549484427271
-10.649075113821219
-7.208363896628875
-11.657492101825524
-14.868876384765274
-8.096264410172004
-6.279315455943813
-7.209100536026162
-9.874939992569189
-7.249414467059481
-7.443863861650932
-3.974106898563013
-5.059760053621556
-3.434459974419517
-2.526014870323849
-8.461060297944957
-2.266485750850321
-2.302546817604842
-4.715849051923577
-3.423534188296397
-7.526230100459927
-4.185251777550628
-2.963625233383108
1.857854384315869
-3.811102079624943
-2.583018817111218
-3.623291692051624
0.679749110956265
-3.750577585385074
-0.878991483006310
-1.962258574545503
4.670696593532591
-6.591592873537024
-0.231654435564244
2.332205678015893
-1.683029749845826
-2.699759791005988
-0.522625055522059
1.873222224457447
0.470067037800425
2.032235104457920
2.893081356884790
5.113912790652307
5.425828421430179
5.155215876781050
1.789115898679943
2.904876440378529
2.307466430759376
7.184485836196568
6.025530735520975
4.422767897798086
5.900488508129580
6.713145409308511
3.842204502031064
7.612990155276441
5.199298404325186
4.027481205065014
3.163664716447383
5.064671931771793
12.447877837552429
7.648021803917994
6.367808406942257
4.737774330389607
11.480696759429533
8.578398681738827
5.705928211585438
9.671987375150509
5.199418892350629
11.040439294006802
8.072380993122593
12.394870768946635
5.927573704401174
4.306367330297823
9.723391556147206
10.383663638965217
10.572020361703746
12.540640282545089
7.921118286103644
10.172855253764082
8.325860042515449
9.741638544174039
8.030604332155999
8.975796436374576
11.478611019600649
7.518268460651189
13.563435899718780
8.825949631259412
11.656459663743012
11.127677228580295
8.982607433517744
17.360188665206653
9.626864279974667
10.955529707444715
8.958096892806690
8.142557344462247
6.497145482176510
9.538094337852426
9.881953092701895
14.862964888047610
15.031986663500787
11.139591160689633
9.794691465325204
14.471595825974712
6.064494893439591
5.919156520391132
10.103774050338492
10.910918756413071
14.346605565602321
12.470637140156589
11.268363544554624
9.786539045408166
8.836800792886377
8.814975096070864
10.273411184507040
13.681484616107568
10.019855974643544
13.106621273928690
10.994900968366995
10.455926219765050
6.128278107706575
15.420300514944365
11.034408784685448
12.001943522041971
9.769074603017581
10.369918409573781
7.756354114797054
7.407853088023986
9.800095250941380
14.799421889294880
14.365707699767608
12.651273336181587
7.937391962997165
14.442454276601740
5.526754601581374
11.989351230432803
9.809835106537431
10.389844263988614
7.752244410590142
9.957243827032341
8.823126222300413
13.523308679095200
7.225447915735407
12.570811115244027
8.616954942465306
10.433805309246349
13.039239881732788
9.359120939115597
9.577907588233503
11.921471449689903
9.605077060352933
8.485307651691405
13.534624884647700
10.398236039827287
1.992082522570820
10.345108717083718
6.849849044392483
11.618479116573649
9.448633793597356
11.485440272391555
10.468296463398776
6.405581916048549
8.161194274197369
10.461159624264782
2.763309781479106
4.913565645668706
4.482353858382366
5.902601901981821
6.014707883479922
4.957573718120478
10.039086039627783
8.282537289407081
5.904188382030131
5.235169735415560
8.856567785508801
6.804926957072942
3.154556936743127
0.765088224207002
2.309261666652976
-0.095135470122214
7.821949802642657
4.133934069257177
10.346241147511007
1.561475129333830
3.955689218297420
1.031405598620760
1.468275619815702
2.440295470076733
2.572369745419193
-1.268146034824934
3.332157440492439
-2.121667196257808
-0.201276399462995
1.574064486493503
0.367650990212578
-1.234062660945019
2.928324634319909
-6.842161456204250
-0.642393920102835
-4.304805815538454
-3.619236556677087
2.183619910377683
-3.133522484838488
-4.549768866592165
-3.347766610258935
1.610023681090650
-1.926338643112329
-6.709134297916476
-0.590489490701273
-4.500448364424404
-2.152204827764998
-7.908936912333298
-3.789625208493796
-5.144346744486463
-0.762269583933320
-6.303098557836809
-3.160418330812414
-8.674967498561699
-7.510945882709350
-5.544877831196808
-3.341928002692995
-5.663412877655388
-2.883236253782018
-6.754666925757893
-9.394335483414306
-8.059639086429137
-10.634661833705907
-8.397882743160583
-6.778660058257018
-11.762019834838808
-7.733068165691530
-10.316258612498325
-2.032105017122283
-1.851722474874575
-5.587166384335519
-10.779989340801798
-7.749746203198116
-7.591813713390628
-11.576468003821581
-10.442442050917265
-10.307640089534166
-4.428069579384315
-7.203884877544595
-9.811513408875967
-5.297933955346492
-8.220773440139784
-7.100514896464110
-6.101835883482362
-7.751221232344641
-9.959197162987351
-6.596204409810644
-6.512554681449358
-7.049981688956881
-7.655999572191489
-5.010170717221731
-9.866754235313822
-7.092654977261044
-6.975552439014823
-7.774417661492166
-8.291546272609866
-5.823450668201748
-11.361669069294511
-6.336385726077923
-6.803958248489691
-13.523309128676793
-6.042790654992388
-6.520678439831762
-8.137458696406794
-8.834717339665916
-7.642384191300469
-5.541714262020953
-11.526149174621017
-9.401963059603645
-7.394897876360407
-6.551796867554218
-2.226092330680140
-5.582802057794828
-8.074584144231350
-6.182971375710259
-8.470532023702848
-2.563968720311133
-3.677453162304547
-6.953067170309284
1.040864422542424
-3.127052612469511
-4.829335671305556
-3.303395256736379
0.652897949214438
-2.305336562428061
-0.629171301355331
-0.350498025383744
-1.647915152267418
-6.028464271550356
-6.545245679288061
-1.789755243016425
-2.258792300977295
-2.250568873865360
1.127524640463372
2.119661716562430
3.511355873818388
-0.994076508076318
-0.138478635460461
-1.745071463602298
2.119325184745875
-0.158427873310818
-0.221906079861427
4.819726017353851
1.092574360683653
5.238054393039798
-0.940087491017092
3.340836203150179
2.042847100476020
6.326741271004661
-0.303315576770097
6.128930209769710
2.295622067725835
6.086982992733938
12.444111332293474
5.194727467810868
6.317012605968905
4.546162154801484
1.572837598180565
7.644098611445299
7.888786721784319
5.144901502959412
8.329516035464314
2.721550732362138
4.159893556725047
4.966365123940553
6.480993679248355
6.285764203262529
11.102422927858685
8.042362159897614
7.238607170928692
3.446324876819768
5.827588501272990
4.149926218727450
7.677460841399114
6.564124518110948
4.884172753843776
4.578060987744005
6.098447369431628
8.901695646555300
4.260473464483759
7.587947442426215
7.138906732968112
8.289433274212985
5.982356231003894
4.594336365951259
5.781602958435263
11.090836389623405
3.929465570284054
9.585415933629553
7.219999329137585
1.717304096190534
3.812490254595122
4.171299592243447
6.125556217351702
4.521753278161005
2.833476934915786
6.283253952219480
7.002071117930594
3.965960631446380
5.927424108821775
2.662915440414367
3.995365321741328
-1.562438546365922
6.608632200225367
-0.583545027985439
3.626449418399822
5.856206588085553
3.364006027860743
0.683552742166761
5.126879576570728
1.643607645880630
0.329273251904633
-4.978500001548420
-0.091527818397165
-3.530459352616264
2.379765450558067
-1.133459406712349
-6.753760271369719
1.222669058019265
-4.151794578321919
-2.133989371965828
0.305014596642959
-1.058000537951276
-6.508196137974616
-2.535397440500697
-3.792704953092239
-5.794947409838661
-3.790496770192332
-6.320433944300863
-3.015190029589506
-5.001133749215708
-4.387602035616193
-5.705499977553577
-5.926631859488228
-8.737841383896075
-8.706121239364931
-7.878872054170424
-8.535608468553281
-7.316462801273114
-5.189603878311475
-8.234906580890740
-10.963140036768213
-7.856758070947942
-8.369518442887552
-4.985553854625787
-8.495128060120434
-6.402424466376658
-9.316213909081730
-6.937631913988699
-11.593811040980100
-9.213339417137119
-16.077363705174101
-9.597412164138992
-11.130299344895830
-12.721462164039806
-13.771073517826654
-14.871884034264912
-10.549499814454355
-9.860971323424971
-6.097807524373216
-9.687755966250091
-11.877585296315690
-10.090514277095638
-9.412981231435634
-15.103823471614275
-17.222947716940137
-14.794938016794884
-12.889366595921596
-11.217871117836443
-8.567209396063058
-6.646213457804102
-13.958556521510062
-10.970803598156939
-11.010586687614676
-12.905477815808187
-9.327373873481307
-12.722548326212856
-12.552837672278880
-7.732734766180923
-8.950784204137662
-11.318921839081661
-11.178171630326291
-11.522910125524035
-10.824280481070582
-12.366299083583632
-10.992857222110795
-11.888095703139161
-8.374476366441716
-12.671244223375863
-9.639005347525099
-8.479214691718251
-9.621396441648765
-11.112981884534008
-7.971400617478453
-9.339606646381517
-11.056652303775051
-8.674907591669056
-6.657962880949175
-13.115837868338659
-6.468011109999271
-3.965909372461723
-8.077048333012549
-9.181266873183832
-5.622138650232086
-9.615698327775741
-6.800004830962328
-6.167022479323166
-7.276369992027119
-7.088049366620781
-8.177339773724484
-5.972933691421330
-8.475909991278733
-5.994228477278152
-3.553729249474754
-11.209058971465028
-5.557971026954585
-1.030204935389258
-6.245258787682044
-0.477535977589726
-4.196038481947618
-5.994797515489365
0.877720343960684
0.665026065723675
0.909938277668317
-4.581090789722523
-1.025555115107287
-1.572422413674373
-2.595575652358400
-1.016266780502848
-3.917611524090813
-0.536513892490124
0.772474764457563
-3.420674699684099
-4.245491032634042
0.909860831760362
-2.368300519402607
-3.853676732360543
0.706631660391985
-1.365532154687162
-0.442182661280239
0.400781502611460
1.081446881895471
3.160170074860408
-0.385994012414031
-1.795448816397566
1.243687587514237
6.114451759666984
-0.153861177416165
-0.601711778501307
1.929116663795321
5.183254504522292
2.834647354575567
1.052824111024322
7.161047811884455
3.855613360265308
6.410869449617221
5.510453774438249
5.283662063288525
2.156575112660589
5.508929069183941
5.868748406907367
4.247531490417208
1.158652625107221
5.705293586673915
3.748009707197173
7.040731571260951
10.460671051407664
9.561552433500253
4.790233041129816
9.309195108434592
3.526587194349743
7.297331258443004
1.922633051098170
9.230846513949762
3.914184895962539
9.140525494982640
8.614809271844434
7.795082300053300
6.491065730202946
8.637708705582215
7.545435181102808
6.754821047016186
10.256216186571045
8.126898109400880
7.261571725951922
9.338485177300146
10.904866819158499
10.827972005677573
11.086761645484957
10.150219083105142
8.153096780628099
9.585401812403406
10.471151965931210
6.822704899601947
11.944395519370115
9.731371195426384
12.070366649341901
10.879605301514578
9.511354660346484
15.438481775830493
11.198179179939462
11.226321755723243
10.745282747392695
14.628303742863753
13.752484686756354
15.755971147369538
11.808610890949941
12.954014493479040
12.744399197738712
12.725116917083099
8.718236233210051
9.939801568775305
11.099177917801603
13.967799531622514
9.460043026480461
10.829567792708199
15.115764063267186
13.731924296297347
15.321049920051358
13.099772825011769
15.455201645287685
15.617811200722109
10.644635681408555
13.264767172786975
16.409307473728550
17.246935525481199
18.816015096507972
12.238835986258742
13.700234641693543
16.055498621958339
13.886463801037705
18.311964992590632
13.360260250773432
15.413499821384534
13.482040638128653
10.626540832577909
20.079321484163071
13.953922793042915
16.985762109834880
14.370463408316706
12.970411700770688
14.990142316466848
16.430082611340339
15.422443994556364
11.688176852126526
11.004129499966222
13.262536472261367
12.523133793683959
15.548037743370600
14.524585392287573
11.973859377348738
11.586543399174744
12.732638618288858
13.209420234683488
12.588463048439818
16.748886573490132
8.538419690432377
14.891684333786106
13.069248921125695
7.779604813746207
12.096803349623226
13.499765616330532
12.924330942092018
16.483373374028016
11.154305945303838
10.121232622221644
13.408555406142678
10.094653659232183
10.967791020323700
16.376397634123094
13.207300816386214
10.851556524161488
8.951150215269221
9.392418866730978
7.456628201598406
9.778744408855294
12.621688584946622
7.075086224367643
11.237912051131850
7.590977222271388
15.829822584077553
5.947814976226762
5.583178489163944
5.425382559365922
7.163931957695032
3.291845627612849
4.766654811502363
3.401452220692827
6.298688551061525
4.893739456266161
3.355558034674221
1.303635438341411
5.110342659635627
3.101742617886162
4.411723402752942
2.428902852061096
0.265868809655375
0.919633504691666
0.009154255105242
1.755004622164519
5.213387695469080
3.864501515615462
0.368582483647457
-3.119599883221734
-2.006642274985734
-3.154056789210250
-4.179893704551635
-3.743450654191029
-2.368411750274554
-6.164604720749114
-4.326697617939089
-4.266682116017837
-5.286365849580927
-2.836113393676410
-5.237171034063497
-4.499959840689864
-10.304101130459362
-7.240117123387964
-5.699907267359000
-10.834121594667957
-9.437006166383734
-5.788536658904928
-11.101728784145816
-13.404814160387517
-8.934464140955853
-9.079019373647345
-10.205351841357697
-9.686164389361270
-11.574668903763879
-13.752138250956882
-16.104513053559302
-11.621212972151298
-11.498586677272387
-13.989431265078348
-13.695147787894074
-13.159231920464308
-12.274359459546488
-12.213585647346635
-16.807992741863792
-16.423848847415776
-14.845033905574690
-16.575364723937756
-18.972425797074848
-18.583216036984851
-14.341996003115449
-21.980268243412958
-16.589563903988864
-17.372726173227459
-15.199516192159191
-17.309130203051762
-13.829798466129049
-14.331900405023614
-19.349188026944940
-15.551788676331341
-19.677387112440616
-19.388593571038392
-14.244130408984411
-16.614516626286594
-20.121904401640631
-20.160028040155904
-19.995536133110974
-24.108204815321713
-23.535166950654389
-20.482735732827511
-16.444441783767743
-21.035234181915484
-22.629729774400573
-21.627063092584887
-18.571612201266074
-18.675045774891956
-17.042285739180560
-16.658818560771842
-20.854587199741797
-22.039136452781346
-20.058321388255155
-14.846349935188712
-20.608001250837010
-19.356792178524849
-16.995313039119040
-20.515464110074408
-16.631089475296655
-16.716258713619037
-11.854170420069245
-16.321238351589773
-20.029674721675384
-14.574949247192944
-18.281506042435119
-20.129123771733550
-12.257743377707062
-7.928566932749058
-10.796378742188818
-15.990784901306434
-12.791594082183781
-14.533743322502779
-9.877885932079375
-15.745952538444634
-15.330041448017328
-6.759015848935856
-12.575112291576900
-12.928024863559200
-12.015418762262016
-8.834295166472263
-11.211218678156566
-13.745289737834693
-6.410952490309514
-10.231793648686645
-4.156082742438275
-4.307078091947493
-9.590434090835597
-7.168713065772994
-6.408829580854104
-7.401234156685570
-5.336895016725513
-7.946138809256403
-7.722118182382227
-5.218367739799715
-5.694754709608858
-4.793973383662283
-4.145181217912919
-3.035625418534770
-2.445187751689567
-1.192884873438388
-6.285670995323869
-2.795217226275148
-0.026474732107725
-4.225228029673122
-1.403574185160974
0.663586626535354
-1.521934088202140
0.210611614516250
-2.195966032739917
0.815563725011140
-2.049856610757576
-1.283635053516724
-2.989301066794956
1.620725763498970
4.021537879739546
4.564904709915395
3.522741752161304
5.841214463829431
1.829907226161270
1.225419413959017
5.256241933992026
1.361791590716567
4.204959417379365
6.979506447464871
2.900864949910925
2.862040586850339
2.529846331329849
1.133776982372237
4.703747187177449
3.142889710817248
4.782541929988634
8.494768354004878
6.887019035739895
6.002981211504490
6.205358948132277
7.142373889443400
3.980829029194508
9.586319292113208
10.488199215819630
7.122376047526857
6.670207923608556
5.236906366030905
3.652041558026746
7.262276181173355
8.213579259458980
5.017330294102351
5.692005407936614
4.119853555735045
8.446814544161105
8.523593527823840
4.904002146545703
9.457483192490027
4.909883753493284
6.628870059200239
10.190784464157542
9.004498664377659
3.521740314027627
7.116035641616026
9.954149401178549
7.446180813574846
7.852673993012827
9.020151916830036
4.126359368829896
6.968765038484499
8.014954319956500
6.530192391756198
7.269840352804497
7.183707525509727
10.508103771673463
10.867475854662466
10.347447642274679
9.791122180261610
4.784012243757441
5.974367712209211
2.548010247837577
5.362554252733137
4.854839385426004
4.210311985445896
6.742035547197338
5.470391184127836
10.019495667084065
6.997112851424150
8.131111354849461
4.959117001994175
7.833234773244964
7.085284721292684
3.315354670012102
9.145824286228631
2.170538010130228
2.688517907358564
6.445131353949821
2.644176427687916
-0.100715261292626
1.816602554189279
1.999048439668885
0.634242256382676
5.388764076564827
4.110323652232154
4.128017941050880
5.255431994359877
4.632624773591099
5.085123993683796
5.643086361589710
9.697757298122266
7.319397233665280
10.202264472618186
0.003960314915150
6.841628704123561
2.925819218038711
4.426849007702812
3.012255487885510
2.933122320202532
10.332694068447008
5.568853203608339
4.430037786535884
3.486902796210381
5.607157735005497
2.533616621435987
5.927536858034708
2.418626653256405
9.548344229571592
4.374636268965051
2.899048562178749
5.690597346051314
5.035374853647277
2.739835273667047
4.711386096796213
4.523251441873073
1.466286004484696
5.970841770123298
2.985519997504843
2.922862456425861
6.905196640270370
0.840102566789782
5.219130435680160
1.295467551070233
-0.508151115833790
4.651280604084432
1.515259707608642
-0.472825450251037
1.835932022425784
6.761723675060018
0.143206749695607
2.710458736442122
2.699375620407541
1.316824266272082
2.038257207882409
0.816865743606381
2.576675956708599
4.054083135155497
-0.086936951124003
1.659590825829985
0.130682087329592
4.054567202099939
-0.561816008847205
3.998968654914595
0.310465420404171
-0.706846420724911
0.430646079791317
1.685806534590196
1.190276318627497
2.760427242679961
-2.194579536721039
-0.208364207850644
-1.760817870007646
-1.227925464058474
-2.622664448169831
1.547348167171776
0.797707936098008
-1.430021172289824
-0.687350629163359
0.949380448390811
0.927001783725184
-1.433529217252435
-1.372060333711784
1.649053686778869
2.070625122974858
0.751314120775192
1.452685591016011
-0.119417426905032
-2.978941544647366
-1.603045673307168
-0.982354794557291
0.177283781968994
-3.932523193021679
-3.143931810831500
-1.586261775235876
0.121323882428699
0.695799927166355
-3.104535702463557
-1.750916321168069
-1.027678116243407
-2.324573168198321
3.177336892784530
-4.867928322842122
-8.245014199418884
0.570639622789920
-2.907530921576289
0.142428330998643
0.389881997518599
-6.871895656049375
-4.202474944907607
-3.730580491258158
0.645891031383248
2.946664482114429
-7.153280406012860
1.593853295420132
-0.308825787455776
-1.577972263414793
-5.250324700145949
0.694312689946299
-7.996318748897504
-1.079577223924668
-4.806480824372361
-3.644109940070379
-4.512247823253493
-3.008468484797355
0.608884292863376
-2.911264545650618
-5.303234111032155
-1.583670956235893
-0.985865953029395
-2.328330563727949
-0.974106334435179
0.114989539158458
-2.439421848932851
-3.707238035534452
-0.420779830249601
-0.189305514383332
-1.141457257198813
0.950669607104101
-0.074634761593499
0.589679981706892
1.565122448803892
-1.430110988171732
-4.006387906256387
-2.164994230264168
6.660465702108130
-1.280680305072372
1.933859535841655
-2.437155316663919
-4.231854485894790
3.643833456573551
3.435696907270231
3.365881760144259
-1.671727483377629
2.381123501944107
-4.813569345320190
-2.257653724143684
3.619805540100656
0.235521460356316
-3.367924718944598
-2.068719985241710
3.514203734246010
4.321746462216174
-0.744812956965373
-1.880756128185705
4.661552253677963
6.522861221738593
4.025794947282661
4.029304825178269
4.527685153142594
1.888394359151085
5.230795209495888
1.217953650945415
0.185827962744025
4.779249814237675
-1.267484827319630
5.154437463825756
2.289127248710090
3.217072900514963
1.399557885333591
7.499750092126219
4.864315382030733
7.369484897550612
7.234412264822245
6.154543121965325
3.084407900560388
7.147330534999427
6.893437702367396
5.052027322301139
9.822674716023727
2.552574597594950
11.729883861080445
8.658513594284921
9.607008183786569
7.277746453258377
5.055226818626704
6.819597503400559
8.887921490622215
10.195649688350374
6.404302122500513
6.875779528499947
6.836628191026902
8.865434493896775
7.601941688822892
5.105042665412302
10.575017754854981
6.181351808700416
3.956344063965140
11.050862882572140
8.994146100489424
5.793038317404971
10.180847827435267
9.286001489831945
9.598640497594960
11.237635513272991
7.587223346861639
9.515985147673963
7.879580571869666
7.560984124407460
13.007379904890978
6.018240150673778
5.918806738038990
12.112786263966992
8.066836550400341
10.822570382041349
4.022827758323254
9.317144476519923
8.497568241868731
4.149682253491404
11.885455954809949
6.826226074043165
5.242609653494432
13.689882550843178
4.195770002500955
7.703523932447188
4.834916946491671
9.532724544924799
6.188850786766446
6.209445877065321
10.446659956666434
6.928611852103716
6.969605654711857
9.471446784631251
4.244026972292878
3.087639509143971
2.804804470988656
3.554783391734860
2.707393516389230
6.785875573368145
6.536221342320628
-0.729897183599170
-4.193502053922728
-0.357907482727730
1.955690898910907
-0.419394225103093
0.331307724535386
-0.566477328888651
3.407048637005765
3.237884797620780
-2.040370424507027
0.529527389166986
-1.778365800791661
0.453379347965503
-2.439287489313867
-4.699459707078784
-3.541355030638669
-4.460276696503080
-3.453587936516695
-4.145012859970096
-7.145452348181628
-5.765644773668296
-6.788553428573659
-1.303170333565367
-5.429065295478567
-10.832375558243022
-7.580331992205605
-4.086022338140449
-10.589304663194085
-9.103703763927200
-4.746950413492550
-9.000719178481727
-3.328882140234603
-7.850162269913428
-8.148873248869862
-10.239095330532223
-7.799490039661478
-8.865043581810543
-10.183407382018620
-9.686708370812173
-11.568950042857423
-11.247230125890995
-9.524389038949145
-14.802070709657059
-14.279188467617795
-13.484624790993969
-12.249286537307240
-16.185032121422896
-9.662659927835351
-19.443937662111388
-15.188751498799647
-16.680653299398926
-12.971984115832575
-12.604106794475188
-15.095228442224796
-14.731568929866146
-17.558480551871430
-20.724502947174919
-14.741923529720994
-15.010327402342716
-16.284744707599842
-16.042005134447397
-18.994340536871430
-16.155786260938619
-13.212971946841968
-18.788186943070013
-20.400574453585829
-12.699873610150888
-14.441970841216403
-17.229161647158293
-18.913316018792404
-18.713358344488441
-17.179775377765246
-17.436335302684682
-15.695740576007854
-17.233517862537248
-17.657026752368608
-15.021880393317685
-15.597257960079416
-18.936872655076712
-15.586545114143590
-15.559575551479282
-15.751427660063577
-20.720274281745972
-18.683618584646641
-20.554702180151544
-16.546115520922353
-14.467693913157939
-15.506136814376573
-12.389727001601276
-14.303965045756984
-15.188809944507582
-12.067554180336728
-13.177282449329546
-15.938438325337525
-13.960398029120688
-10.002742211262603
-16.191163418631003
-15.311217492057942
-15.857286041912806
-13.950691847744565
-8.572120582290125
-13.905524350563439
-6.246751447605183
-14.235503042111382
-13.185889364600875
-11.541519508625010
-11.194947818638747
-11.004385570860709
-7.809658896384907
-12.463323350740950
-12.099602863271375
-10.637320629224451
-6.033330322712553
-5.424840891721798
-7.841013342624444
-7.301767044072401
-8.093000822843544
-7.651274598649777
0.222859976011381
-9.645186807086956
-8.957155267697024
-3.025279524535623
-5.702197106973101
-6.921595955574290
-7.378183605908708
-4.823334514295956
-3.649756740078494
-5.921416555893350
-1.740015899439319
1.731903984937743
-0.658067670769233
-3.131420535075600
-0.899868909484146
