-7.138259011669534360e-01
-1.958624522543396806e-01
6.585560254123246082e-01
3.141893146558407679e-01
-1.495455528728775740e-01
1.731735666874822666e-01
1.024362626912153074e-01
6.660709334652850089e-01
1.272768725749316099e+00
6.537371414805865921e-01
8.710896782728242416e-01
-4.407287222129019355e-02
6.252652971496592826e-01
1.099068293944989172e+00
1.735092668673011707e+00
1.448279110136691195e+00
7.472406041298444990e-01
6.257190454607193253e-01
1.314464560530812509e+00
2.187713203613530499e+00
1.123728063991344284e+00
1.644174567976573575e+00
1.277151616560870506e+00
7.770890418428380020e-01
1.046606494001191878e+00
1.376862408331567034e+00
1.377514639645253558e+00
1.742553543938887284e+00
1.880375561302529697e+00
2.037133439808169300e+00
1.915578283670056781e+00
1.435597271991061241e+00
2.077389169677134717e+00
2.081714580817172422e+00
2.555161521106085409e+00
1.416513138788900283e+00
1.964405999024892102e+00
2.571709964835636519e+00
2.227182269253587865e+00
2.371406769673563897e+00
2.087817034879101197e+00
1.933431033981585001e+00
1.924718616173024310e+00
1.866606473711321712e+00
2.847705866573277067e+00
2.550350490759929478e+00
1.892651759733186889e+00
2.872107447748332820e+00
2.269126678609155512e+00
2.305967400330185324e+00
2.808980864110954379e+00
2.354852750680747508e+00
1.991318116031729701e+00
2.249904398116876703e+00
2.720324816443675964e+00
2.247769458988991609e+00
2.185605416916728050e+00
1.718799998976072274e+00
2.559353215334909226e+00
2.521936945418539633e+00
2.237169280085965273e+00
1.927773901120643618e+00
2.005075750814067970e+00
1.791872750302480943e+00
2.602766112894184580e+00
2.128982690351622686e+00
1.951486809417115387e+00
2.293201777769157346e+00
2.028784023519961455e+00
2.068656990352763625e+00
2.086287406334970562e+00
2.028830761393868976e+00
2.315776933430138573e+00
1.788935484942883569e+00
2.517298852322368941e+00
2.350986018162599667e+00
1.600221765475295488e+00
1.323663022920710031e+00
2.474349117648571017e+00
2.493036266371913445e+00
1.585954196308213771e+00
2.276443888227429380e+00
3.210020594956788820e+00
1.610795515400894162e+00
2.165864371233143348e+00
2.137031006360237129e+00
2.980815015122174838e+00
1.922445069144841368e+00
1.756633641862897610e+00
2.175337590201172677e+00
2.152384344024617313e+00
1.797620435353600721e+00
1.519925375772637199e+00
1.167842180874981706e+00
2.001453215476622471e+00
2.012613684476121101e+00
1.556680217232601526e+00
1.783808889957969157e+00
1.436542024354322100e+00
2.171115792415924339e+00
1.232309697833497530e+00
2.435860891394617589e+00
2.511912107511562908e+00
2.154660650326663873e+00
2.113924691890588736e+00
1.416834477076418297e+00
1.846794838952645179e+00
1.968682517446675995e+00
1.621513123654743094e+00
1.604307972574564811e+00
2.203837892784449970e+00
1.194643250298457637e+00
2.434987116376146510e+00
1.287319665801081037e+00
1.502876638325739478e+00
1.646291590668601090e+00
6.506057662056139446e-01
1.656956427021472278e+00
1.744031283906010588e+00
1.568926489357086673e+00
1.528734789857122633e+00
1.749040598661331991e+00
1.586160282285941747e+00
2.425276800379383424e+00
1.766394275428752270e+00
1.958055889382153358e+00
1.712048178388745789e+00
1.821174613761808558e+00
1.831330836338011636e+00
2.625496113324722103e+00
1.530975886060076174e+00
1.954705682925798271e+00
1.430336109489485308e+00
2.307501617443922459e+00
1.825228075274684558e+00
1.998594503255086918e+00
1.493764718049564788e+00
1.526321219565036635e+00
2.100091186977615543e+00
2.419930583425419446e+00
1.484831972299557545e+00
1.422229587987908550e+00
1.967830917341305330e+00
9.208973517452313517e-01
1.922168907291643691e+00
1.377304860800171227e+00
1.710809877950365543e+00
1.917223008141925478e+00
2.143807770565866910e+00
1.991668579164115771e+00
2.804512531233440242e+00
1.942288719109439121e+00
2.586656642584717503e+00
2.016323612484392402e+00
1.524374820171103151e+00
1.919932447473499337e+00
2.541916940874138220e+00
2.204794495165236956e+00
8.264559909970679019e-01
1.661770375642454001e+00
1.952794331424027918e+00
2.648201673929665656e+00
2.298610903550198259e+00
2.372094032069889558e+00
1.803043813882361235e+00
2.403745903464650002e+00
1.639362113425901990e+00
2.058800969546727089e+00
1.873382644851389722e+00
1.931247777283656930e+00
2.817599811428279644e+00
3.490856021192175085e+00
3.108430473989586940e+00
2.202838497743193624e+00
2.201683875573925420e+00
2.130745972218231810e+00
2.351446906059573294e+00
1.690895120672447849e+00
1.847400678989547185e+00
1.558539458389924359e+00
1.856050298505308671e+00
2.715358301602402324e+00
1.704798825657569683e+00
2.491534813476114607e+00
1.954968811343463120e+00
2.820487107352773748e+00
2.293922992158702101e+00
2.332400920620560481e+00
2.031226680297966158e+00
2.287543573823247023e+00
1.709659162137977972e+00
1.863645682586420937e+00
2.272469808323737350e+00
1.879557819546824771e+00
2.957137816350818849e+00
1.422671844215817050e+00
2.253671454249045247e+00
2.176013237361755781e+00
2.939211880851007930e+00
2.097345837272669211e+00
2.767061393171144523e+00
2.738772598335649455e+00
2.746977368099349448e+00
2.028847080574817774e+00
2.013681655594683484e+00
2.689744511252779802e+00
2.984264601783295223e+00
2.438914441239776298e+00
2.052755675948132907e+00
3.875759661747020246e+00
1.614647268432166660e+00
2.548316721429443543e+00
1.950817215355030054e+00
2.775992092527935551e+00
2.467228626552645299e+00
2.222672467114051642e+00
2.120178861973359918e+00
2.568153138790741252e+00
2.002989774502808462e+00
2.870869890557555593e+00
2.237280340734374207e+00
1.793840440514819390e+00
1.904562944523002121e+00
1.602774457442400546e+00
2.503373829392375960e+00
2.124767864083919822e+00
3.328462738860626491e+00
2.619961137012062569e+00
2.547000407236315933e+00
2.659452395884586817e+00
1.622683711242238092e+00
2.253267415474883073e+00
2.627552220621022006e+00
2.887813404024950792e+00
3.082146436578092175e+00
1.990169727170053360e+00
1.668801325971478899e+00
1.808224667028308419e+00
3.009036408934738560e+00
1.726385315129336018e+00
3.357966696565331866e+00
2.433538447554251860e+00
2.463885020060474496e+00
1.795373292531726284e+00
2.121382321641043234e+00
2.345567929479322800e+00
1.633780330194892105e+00
2.717136195225747120e+00
2.750676877244165208e+00
2.446541574949156583e+00
3.103403142544061133e+00
2.125129647885512618e+00
3.317218275878806466e+00
2.829007130350427612e+00
2.597180125371947312e+00
2.572387906216048403e+00
2.854277486707447853e+00
3.041962654772115027e+00
2.408964775604131692e+00
3.266650074907518686e+00
2.843395673700007009e+00
2.108777745793307012e+00
3.614024768971249912e+00
2.645085983386052053e+00
2.534474649806098601e+00
2.424415306616357846e+00
3.343873330345736417e+00
2.913847936423307861e+00
2.568811761283626538e+00
3.214697767546965679e+00
3.307119601188951208e+00
3.443142250983844299e+00
3.547087938943739527e+00
3.362598571807746239e+00
4.503390122976249188e+00
3.425741662799106191e+00
3.225476147856570108e+00
3.146157650334266531e+00
3.614983017511848473e+00
3.407535614084351128e+00
3.363720310568491634e+00
3.616734695390896537e+00
3.312544833730040050e+00
3.522736353110130558e+00
3.373666374004370638e+00
3.646948723787823976e+00
3.450810295161647723e+00
3.439186540714273210e+00
3.769359618971257042e+00
3.912747162751280872e+00
3.345817445579981175e+00
3.776375866519895652e+00
3.864922997434560248e+00
4.606523438865516518e+00
4.251056872382366514e+00
4.008015995982208146e+00
4.008445653720971613e+00
3.309848296282075442e+00
3.698136196869167946e+00
4.152338164557757949e+00
3.430930664523795137e+00
4.716871075351890319e+00
4.108635246617510894e+00
4.732333167013433872e+00
4.357650577445891571e+00
4.159117293472165855e+00
4.297955540604212032e+00
4.184954808941032667e+00
4.547509385065414023e+00
3.899931680548540669e+00
4.464899518876240592e+00
4.525186966780370135e+00
4.039362777158205020e+00
4.791099944855533366e+00
4.495511013369939413e+00
3.217819769689703957e+00
3.893583886033819219e+00
3.971467105910035045e+00
4.487896389498369665e+00
4.366904813623481374e+00
3.818151616632102563e+00
3.591131492487277921e+00
3.921091667023810068e+00
4.194775799755929846e+00
3.818436664361116950e+00
4.541684673451731769e+00
3.473772498409818610e+00
3.618121925698343233e+00
4.088440138089308284e+00
4.276008068078745339e+00
3.606126664659138115e+00
4.027894105926772106e+00
4.174541574183786352e+00
3.666660692688949119e+00
3.848963003270745808e+00
3.548488796037680082e+00
4.989338430974131100e+00
3.385845279391406226e+00
3.467891423462940548e+00
3.372497396081190590e+00
3.570331468606856351e+00
3.982670633655845727e+00
3.511468626499513856e+00
3.173650364962356640e+00
3.715520720462615500e+00
3.438113180852790940e+00
2.150927358136195622e+00
3.471697525342666069e+00
3.282525839580625160e+00
2.693838086789265951e+00
2.829923546503383847e+00
1.767526639935529165e+00
2.707160191345709066e+00
3.097883263250544861e+00
3.272433944213436252e+00
2.599693094706643226e+00
2.808332653701929083e+00
1.994341493425992873e+00
2.213920537724402671e+00
1.971411313073122340e+00
2.176917065334677659e+00
2.694004296961210354e+00
2.831340885162828780e+00
2.440393210361170517e+00
2.784168171576606898e+00
2.004675032314419347e+00
2.194924006503759628e+00
2.378842406854468905e+00
3.055251790420287161e+00
1.137169254450951961e+00
2.500379931722219951e+00
2.429008619019982440e+00
3.461872282910310794e+00
1.526672678876354272e+00
2.190517604139241126e+00
8.299414052895798255e-01
1.822378203091490345e+00
2.082458837045128242e+00
1.432193453296069396e+00
1.641808085957007446e+00
1.311157306464745043e+00
1.532661713187769115e+00
2.315743323766135120e+00
1.463223879209076594e+00
1.427188329249970522e+00
1.327056313545318389e+00
1.675863700257250288e+00
1.516791955677393666e+00
1.181171570587936870e+00
1.109908332778416717e+00
7.092324077246158209e-01
1.169507465198456941e+00
4.339048522083334136e-01
8.056950060459596719e-01
9.111941822446997241e-01
1.167478254655015979e+00
9.507517970034973231e-01
8.306872321169583850e-01
1.772000405332345263e+00
1.618053339498621623e+00
5.789642334145173042e-01
8.857685182647551114e-01
1.162433586999469304e+00
1.521941935225262110e+00
8.199579931608602656e-02
4.155177372388478840e-01
6.225912511616720213e-01
6.291971631149249067e-01
1.390882942104766595e+00
4.416151957184811239e-01
1.432479936219419603e+00
6.569035997125578508e-01
-5.945911262341152526e-01
1.333547459144546199e+00
8.082223868196769523e-01
9.551922183831050850e-01
6.403110908265022827e-01
3.958585016868373940e-01
-2.331856725560709220e-01
2.999099407901609782e-01
2.588485897135029967e-01
4.382340333692383294e-01
3.767286510617977591e-01
2.095852445349409288e-01
-3.086769978117538393e-01
1.064802069543823837e+00
1.876819449449576849e-01
1.383784424019223191e+00
4.265416891481239037e-01
2.978114505178617311e-01
4.783272809424739536e-01
7.875318539048907773e-01
9.451908076077069065e-01
-9.780795679825915467e-02
-3.534514209913732219e-01
3.754284879443559597e-01
6.879938192211801917e-01
1.122842260019489613e+00
6.796604001197730227e-01
1.288598192783693364e+00
2.556169150216875408e-01
-4.242162735784621441e-02
1.382464101995251049e+00
-4.078188403974343790e-01
-2.472858989046333722e-02
1.493109094603691567e+00
4.567577402874304360e-01
2.701304317695555346e-01
8.348065377427125178e-01
2.529067106169221590e-01
5.379880609578052697e-01
4.036539350969754469e-01
-3.417415343802150951e-01
-6.220207676168937327e-02
4.137747511937405198e-01
3.546665096324839728e-01
3.945186555719384924e-01
-2.364857253644107593e-01
8.962303026116185123e-01
2.307095821705664185e-01
1.073262802921681747e-02
4.966885601789707283e-01
-3.129398434649731109e-01
1.506255895762273589e+00
3.176088363304458984e-01
4.352094864766964943e-01
8.433004481623596060e-02
1.296563076878953780e-02
-7.816366364339177863e-01
5.669086895627201139e-01
-6.213127993016964723e-01
1.106114357428302553e+00
9.113940992055212797e-01
8.537756586354643407e-01
8.617895316331714017e-02
7.311359039927873837e-01
2.869757526051567309e-01
-3.889430068050913070e-01
1.481952786289252533e+00
-7.932044894742024121e-02
2.695758860963796133e-01
-2.086093897740870506e-02
6.178365003227626051e-01
6.470399046464800907e-01
1.848583186202950313e-01
1.328941314792971840e-01
-1.717896073288465164e-01
1.158691370835387285e-01
2.302710965117727715e-01
2.182683854098621534e-02
2.414202346545971378e-01
4.752980850818504521e-01
5.763007622434469512e-01
-7.287897723082191748e-01
3.975617912873323778e-01
2.074522454875635247e-01
-1.633237068242801571e-01
-3.639968514142836731e-01
4.123025159953798147e-01
-1.392236542637292906e-01
7.318411012591515830e-01
-9.453339827209319979e-02
-4.154285052626215391e-01
-1.115496117136119264e-01
-4.157823712899699764e-01
6.009940851606454526e-01
7.895454267520853886e-01
1.944776319735224135e-01
3.053502331694020744e-01
-1.939377824093187208e-02
5.781772374514355661e-01
4.524268369062603989e-01
-2.361986341840972559e-01
3.050538324305526738e-01
3.291410545281930888e-02
4.923048913052081588e-01
-8.188079723666406018e-01
5.351176825700639794e-01
1.323422439231228820e-01
-5.597568354318653849e-01
-3.699456855804554301e-01
-5.900162546512315309e-01
-2.059835535773576476e-01
2.500052700843907738e-02
-3.932109632348740336e-02
-1.882007809819978283e-01
6.898537664657977686e-04
-1.477785153533805351e+00
4.123582172312996730e-01
-3.406109311388567651e-01
5.274355059092624698e-01
-5.514631013973131379e-01
-8.633538303136880643e-01
-3.407494594158175238e-01
-5.885394277302256061e-01
-5.387822836620609346e-01
-1.063736156527395949e+00
-5.607449982674779232e-01
-5.409915072307327488e-01
-4.062222098277135651e-01
-2.656676091081036084e-01
-2.901214788010997303e-01
9.562853358322653818e-01
3.957804670171816142e-02
1.198199848027620140e-02
-1.898607404668903320e-01
-6.272489317231837447e-01
-1.443161775767957400e-01
1.364354182467138465e-01
-1.968096342369823448e+00
1.863492883677883571e-01
-4.906664305022714334e-01
-7.613628041388651457e-01
2.052661105787433882e-01
-7.842297094209513819e-01
2.109225094528193734e-01
7.906086205972875369e-01
-2.584015599790679962e-01
-5.798966990496055018e-01
-8.943091542707859443e-01
-4.228660108744279889e-01
-3.502992607625075028e-01
-1.283981724414534620e-02
-7.823994507785048125e-01
-4.372336012816046558e-01
-9.432813649197238082e-01
-1.589390249007139599e-01
2.497872130824821957e-01
-5.980571691979537086e-01
-6.002843810848117467e-01
-5.530586084242422595e-01
-5.819089274849137405e-01
-3.688791800052019787e-01
1.420579565920359055e-01
-2.353018012672997150e-02
2.650794638452572682e-01
1.100394939716183296e-01
-1.088776142625045074e+00
-2.836871643599892523e-01
-5.038140598974926165e-01
-2.375863621803729342e-01
-4.849908750190936590e-01
6.891848238452381592e-01
-4.688528727304414057e-02
-6.133982426398809640e-02
1.040751017977375459e-01
-2.754061256688185022e-01
-7.902699825066072936e-01
3.526301277267290812e-02
8.645949334154241495e-01
-2.338212151977596687e-01
-1.336101781059313431e-01
1.269591224507998772e-01
-7.063773329262843514e-01
6.544045655872641198e-01
-1.789651583494655251e-01
-6.615216610410322717e-01
-1.148902493745857178e+00
-5.339478033300000259e-01
-1.441222694174077112e+00
-6.741703092026394284e-01
-1.087889641567306720e+00
-1.645682405186083219e+00
-1.326631785316982892e-01
-9.268829669129736715e-01
-1.290773423055391778e+00
-6.932562952130566503e-01
-6.519289903053966384e-01
5.540712888703458461e-02
-6.390210943387223397e-01
-8.404740330465423348e-01
-9.498434856323970665e-01
-1.662944939948610923e+00
-1.701446110635755460e+00
-1.402001226060107131e+00
-1.074172933834497634e+00
-1.611341573037689656e+00
-1.180098050765830298e+00
-6.950531726492741313e-01
-3.588612810621409910e-01
-1.766533234678623554e+00
-1.503481580513650107e+00
-2.150786371498264682e+00
-2.093968534827685524e+00
-1.907877281765915312e+00
-1.560714011969095205e+00
-1.680232204450510691e+00
-1.590949056023045483e+00
-1.453185933338357883e+00
-1.832409610453471949e+00
-1.784124315454167276e+00
-1.967258470584230201e+00
-1.754311538259819336e+00
-2.564525818704432414e+00
-3.058036513555887570e+00
-2.163021945480610775e+00
-2.005002246766082852e+00
-3.386330241816255082e+00
-2.465262988313039916e+00
-2.976320571927259628e+00
-1.444507533699291635e+00
-3.072570064590054439e+00
-2.987667378558206188e+00
-2.304391973517978531e+00
-2.147738163258879229e+00
-2.416853600887757914e+00
-2.471785869917631828e+00
-3.781105102773430815e+00
-2.981198000455564046e+00
-2.412025429151780642e+00
-3.740550761576196592e+00
-2.395307302108489189e+00
-2.911874636012348638e+00
-3.772207656918422636e+00
-3.066718848411786880e+00
-3.202720595549935378e+00
-4.179621758592181990e+00
-2.801863590367909218e+00
-3.795659679272429976e+00
-3.824254443713210438e+00
-3.714060140651213260e+00
-3.566802003017480516e+00
-4.808099212984495274e+00
-3.713119448655977983e+00
-4.179840802573902003e+00
-4.211735154332817643e+00
-2.787457440636681216e+00
-4.081084969288018449e+00
-3.959522841543674065e+00
-4.605752414644778803e+00
-4.465839710573961341e+00
-4.061675208328933806e+00
-3.876432055454604342e+00
-3.901957715734421850e+00
-4.044165312413748659e+00
-3.732139881033472495e+00
-4.610789140526999397e+00
-3.743465371275456199e+00
-3.946901970901766532e+00
-4.395858101645521820e+00
-4.333717229927453118e+00
-3.691708254882799967e+00
-4.272379030535906175e+00
-4.362112017602322034e+00
-4.222643256291778613e+00
-4.183667833470402719e+00
-3.696219418987007455e+00
-4.436364103332513409e+00
-4.383034924120499554e+00
-4.022932704619242017e+00
-4.128514252514937866e+00
-4.778220220840311505e+00
-3.873241846575680825e+00
-3.859880235248296376e+00
-3.523645525291575709e+00
-4.274972272071579482e+00
-4.429412144974966381e+00
-4.511589902993979884e+00
-3.881536478931623790e+00
-3.775695330916873260e+00
-4.322990892438859589e+00
-4.586232303920255937e+00
-4.087785732488871560e+00
-3.104762934662992802e+00
-3.653842440265357538e+00
-4.078402297916463581e+00
-3.875853069047578092e+00
-4.192493713566079805e+00
-3.843065955971677550e+00
-3.583181895943647444e+00
-4.161280675194926282e+00
-4.685141938023714481e+00
-4.064741381325408298e+00
-4.626678069615257627e+00
-4.020466232691985553e+00
-3.436209421306804845e+00
-2.939822124541241255e+00
-4.042017585181134187e+00
-3.090995906130195259e+00
-4.123271003687493774e+00
-3.943190357522653677e+00
-4.024257279714160696e+00
-2.949970330925007378e+00
-2.734682093492936339e+00
-3.580399263555293476e+00
-3.224657764657554715e+00
-4.122658448740330606e+00
-3.262670381672144515e+00
-4.311916723264809903e+00
-2.778182475157580100e+00
-2.891974430459080203e+00
-4.280664939718421103e+00
-2.197093414255506971e+00
-3.572451585981024191e+00
-2.322456980031126328e+00
-3.195766096871688777e+00
-2.649475974880043161e+00
-3.154748696732106783e+00
-2.232036777841570618e+00
-2.135446513669408741e+00
-1.979151060456888711e+00
-2.387440000143890462e+00
-2.814150747710623346e+00
-3.101346838045368592e+00
-2.563288105623288349e+00
-2.946056205296350594e+00
-2.689322035592951021e+00
-2.289365851204749891e+00
-2.459830568537763273e+00
-2.020422498336411188e+00
-2.268712925239512845e+00
-2.263306220477302233e+00
-2.710119464889598984e+00
-2.494403308092490335e+00
-1.502698276599248928e+00
-2.475179414108611642e+00
-2.375800639204641129e+00
-2.298307630287775627e+00
-1.605396547675137064e+00
-2.653599886837427757e+00
-2.665817004614944086e+00
-2.287632104338368499e+00
-2.227367268613166917e+00
-2.166909183868241495e+00
-2.087587114530652155e+00
-1.939712345023783868e+00
-1.773540994442373897e+00
-1.908941224245583435e+00
-1.902984579231587592e+00
-1.772399927671861830e+00
-1.553890440789856164e+00
-2.372617279905709697e+00
-1.398364198102369116e+00
-1.675158099383754928e+00
-2.105057247347478011e+00
-2.546744017315499153e+00
-2.374399592355693756e+00
-1.904574910321487069e+00
-1.696563202175556340e+00
-1.814791636315944423e+00
-2.210612753679745524e+00
-2.257630311014531266e+00
-2.728432838684151207e+00
-1.983417880481858742e+00
-2.781974636007915169e+00
-2.615810469916023173e+00
-1.762436337004196663e+00
-2.176753493851447008e+00
-3.375815868089693694e+00
-1.600274452997510810e+00
-2.321931307806029743e+00
-2.060295912174191724e+00
-1.021050346619606364e+00
-2.266282761384370570e+00
-1.959954363327750748e+00
-1.978878039594131000e+00
-2.484352235916558627e+00
-1.717019156006050817e+00
-1.650766745426209825e+00
-2.322249089421196011e+00
-2.361866038520948230e+00
-2.152003216158900223e+00
-2.518377027273401847e+00
-2.498316041925034536e+00
-1.909727366791387215e+00
-2.175030670296097313e+00
-2.582718910075184837e+00
-1.994901533438791397e+00
-2.705400416294266641e+00
-2.536260309295863102e+00
-2.777324356148341167e+00
-2.654805713374567500e+00
-2.085749438946960410e+00
-2.179657711846131996e+00
-2.424673942384325986e+00
-2.583491671591795491e+00
-2.860044265217099202e+00
-2.096606199431601869e+00
-2.160427594832008857e+00
-1.636300510967212629e+00
-1.280722865004606970e+00
-2.778398989588478862e+00
-2.331714021299163164e+00
-3.085855254878481002e+00
-2.705879110770143203e+00
-2.238988606730020869e+00
-2.426777432356404418e+00
-2.292683873301369690e+00
-2.036090263953668433e+00
-2.281514677976132166e+00
-2.033091352574933008e+00
-2.345513272855384468e+00
-2.163622819858415092e+00
-1.947462441326633265e+00
-1.603619628447649603e+00
-1.696002402221685523e+00
-2.072372547491311057e+00
-2.426740707377885276e+00
-2.237016537180470888e+00
-1.909408095871587330e+00
-2.219448460044758153e+00
-1.952977808794459591e+00
-1.695313566302997010e+00
-2.461092551000830131e+00
-2.688134943832046542e+00
-2.366548767522266061e+00
-1.706223858554707151e+00
-2.020608866376669255e+00
-2.150992903708912163e+00
-1.469435204875039425e+00
-1.965033287730238776e+00
-2.655212357907440701e+00
-1.853843580862308382e+00
-1.649497627662388277e+00
-2.267979423096918801e+00
-2.225319044642168897e+00
-1.852953051149144548e+00
-2.289306053179628542e+00
-8.105858274683619413e-01
-2.390701090593793765e+00
-2.424393104058455428e+00
-1.947494046592473271e+00
-2.208264620560601355e+00
-1.709401181795896063e+00
-2.090391892212585478e+00
-1.925481001898888378e+00
-1.610535689075246690e+00
-1.642341898076142392e+00
-1.926009672930297345e+00
-1.426726712027614807e+00
-2.318978571443390813e+00
-1.471374132747850672e+00
-2.438464005995167661e+00
-2.283352009544031169e+00
-1.997019264478217870e+00
-1.864246930729582807e+00
-1.374516474603323823e+00
-1.998261546699935165e+00
-2.297858314483699260e+00
-1.242518753727910541e+00
-1.754890175029953259e+00
-1.527645114614361255e+00
-7.559207373884457848e-01
-1.929379430981161825e+00
-2.077497435682943649e+00
-1.813449454045130027e+00
-2.311674237802798793e+00
-2.064822830566483969e+00
-2.066187801434994586e+00
-1.723196213831101442e+00
-1.688174696656369989e+00
-1.484662422155395456e+00
-2.206368953956484802e+00
-2.330948985862637990e+00
-2.013119137654485691e+00
-2.170082155074700925e+00
-1.786255281545380491e+00
-2.439113305932997910e+00
-1.190018894259817994e+00
-1.473428539257248815e+00
-2.104408942794825599e+00
-1.174280528209270980e+00
-2.168024825127181643e+00
-2.259499766489351913e+00
-2.509795596812053553e+00
-2.268439938128387290e+00
-2.020052413139143965e+00
-1.669610707181981013e+00
-1.689043744613095921e+00
-8.172393465202225649e-01
-2.061181844629985882e+00
-2.877757108841496603e+00
-1.832107831866626624e+00
-2.331743239451010030e+00
-1.791589153243626997e+00
-1.780260380276717624e+00
-2.185875987165993184e+00
-2.297941445996379617e+00
-2.308415462509025851e+00
-2.407771100363075512e+00
-1.408780296075871741e+00
-2.375748142136780761e+00
-2.476463994605481389e+00
-2.170587448942341346e+00
-1.972938671489572471e+00
-1.961755700731536267e+00
-2.327376755159441757e+00
-2.398038454272771514e+00
-2.980339463798340915e+00
-2.083473684549764116e+00
-1.725725970121462671e+00
-2.682983134966042016e+00
-2.248272367381632719e+00
-2.875065019800283395e+00
-3.108009692417948777e+00
-2.934767561996301399e+00
-2.709721528609036145e+00
-2.694933652252406997e+00
-2.415137853862797002e+00
-3.009005787108436358e+00
-2.244665343292533866e+00
-2.055384866908078756e+00
-1.815034693187394854e+00
-1.695176133734158874e+00
-2.216419663034977727e+00
-1.724947706998806396e+00
-2.987159846582748912e+00
-2.022396882965021181e+00
-2.436253607696574619e+00
-2.095410948495517012e+00
-2.120693288254711817e+00
-2.240989963192522527e+00
-2.161901127434149750e+00
-1.273060065146264908e+00
-2.248851543470131276e+00
-2.167291136708324295e+00
-1.913440741776937459e+00
-1.352089853426076793e+00
-1.463898887956687211e+00
-1.592336305525350326e+00
-2.622435894159997005e+00
-2.277943014471251360e+00
-1.742033427722890382e+00
-1.554082902557962331e+00
-1.817574344027531152e+00
-1.812128139327369603e+00
-1.714525429940592316e+00
-1.964688256209605077e+00
-1.814468400869111653e+00
-2.344496978151663580e+00
-1.323796246199535176e+00
-2.243834007284624565e+00
-2.094580980695157635e+00
-1.944551524729397407e+00
-1.696219397479411528e+00
-1.808924200881991906e+00
-1.373100124330589811e+00
-1.444849828992408547e+00
-1.719866939879144407e+00
-5.644456856112364251e-01
-7.881015398047367393e-01
-7.097151109320615214e-01
7.340328550185004630e-02
-1.597128448324548255e+00
-1.144297698388638151e+00
-1.162798879508742722e+00
-4.657707191981739769e-01
-3.593614490487304081e-01
-4.930743862210656969e-01
6.602135064531309272e-01
-1.498947002586740851e+00
-1.203565979704100508e+00
-7.732482292430810089e-01
1.232571116445224657e-02
-1.904582316001745268e-01
-8.217781076058761069e-01
-2.879025693320870771e-01
1.016181992770834319e-02
5.377946505394131105e-01
6.261859868065563495e-01
